222 3 12/3/2022 3 1 88
213 2 12/4/2022 3 5 321
222 3 15/6/2022 3 2 88
214 2 1/8/2022 3 10 321
215 2 12/3/2022 3 6 321
222 3 2/11/2022 3 6 88
222 3 12/1/2022 3 4 1222
222 3 1/2/2022 3 9 88
222 3 12/3/2022 3 1 88
213 2 12/4/2022 3 5 321
222 3 15/6/2022 3 5 88
214 2 1/8/2022 3 10 321
215 2 12/3/2022 3 7 321
222 3 2/11/2022 3 6 88
222 3 12/1/2022 3 9 1222
222 3 1/2/2022 3 9 88
222 3 12/3/2022 3 3 88
213 2 12/4/2022 3 5 321
222 3 15/6/2022 3 2 88
214 2 1/8/2022 3 10 321
215 2 12/3/2022 3 14 321
222 3 2/11/2022 3 6 88
222 3 12/1/2022 3 2 1222
222 3 1/2/2022 3 9 88